ATOMIC_POSITIONS (crystal)
Ge	0.375	0.435170296463765 0.1239423551441
Ge	0.625	0.18516976105258 0.37605683029149
Ge	0.125	0.564829703536235 0.8760576448559
Ge	0.875	0.81483023894742 0.62394316970851
S	0.375	3.0114015105e-05 0.34852217967927
S	0.625	0.25005648357284 0.15148669403179
S	0.125	0.499969885984895 0.65147782032073
S	0.875	0.74994351642716 0.84851330596821

CELL_PARAMETERS (angstrom)
7.36587168710632	0.0	0.0
0.0	8.71986522596768	8.585409878e-05
0.0	0.00014538408424	10.66947388291396
